logFC	logCPM	LR	PValue	FDR
fig|6666666.230262.peg.4308	3.38976865270385	6.82586829165436	556.498468521527	4.85650802980719e-123	2.10383927851248e-119
fig|6666666.230262.peg.4208	2.268521898092	8.63881070123106	535.944788025825	1.43761112389402e-118	3.11386569435446e-115
fig|6666666.230262.peg.2557	1.95791862609492	11.310978968709	465.0068639294	3.91132469276619e-103	5.64795285635439e-100
fig|6666666.230262.peg.299	1.80399397877754	8.52358300580512	291.565944149837	2.26649295180992e-65	2.45461186681014e-62
fig|6666666.230262.peg.3316	1.50889882157652	10.2771314042808	269.861011200684	1.21674980108633e-60	1.0541920276612e-57
fig|6666666.230262.peg.2556	1.48066757579305	8.88403041754445	265.740188290809	9.62373286785376e-60	6.94833513059042e-57
fig|6666666.230262.peg.298	2.61930441273898	6.49078935675395	232.689645915805	1.54450796624012e-52	9.55829787107456e-50
fig|6666666.230262.peg.166	-3.67124011820046	7.12518602785001	215.380864122105	9.20412673032166e-49	4.98403462446918e-46
fig|6666666.230262.peg.836	1.64766075147645	7.17229727155898	200.496745633862	1.62716479055792e-45	7.83208652521879e-43
fig|6666666.230262.peg.1232	1.65736161127357	7.41839630762949	177.673810550998	1.56077299394867e-40	6.76126860978563e-38
fig|6666666.230262.peg.3429	1.73344519808722	6.87208474550682	167.863341984498	2.16695959659018e-38	8.53388088402604e-36
fig|6666666.230262.peg.593	1.8301193678534	6.9766926917698	167.337928371135	2.82238189644899e-38	1.01887986461809e-35
fig|6666666.230262.peg.4004	1.45399134426461	9.65903147285605	162.995076301998	2.50782327623184e-37	8.35683879433564e-35
fig|6666666.230262.peg.2852	1.34967273232491	8.81533964224125	162.824170865503	2.73296244271741e-37	8.45656664417987e-35
fig|6666666.230262.peg.3123	-1.67987655404373	8.13923499067382	161.129376843975	6.41059524403949e-37	1.85137990647861e-34
fig|6666666.230262.peg.3167	-2.17458463215444	6.69819198028987	159.673085969289	1.33375345418427e-36	3.61113747720392e-34
fig|6666666.230262.peg.555	1.52044453044777	6.94615300312634	154.112361674846	2.18863563581272e-35	5.57715857314159e-33
fig|6666666.230262.peg.1415	1.421304548265	6.9908869288956	151.025825923774	1.03453103959805e-34	2.48977136863265e-32
fig|6666666.230262.peg.609	1.34857327936737	9.0418795104873	148.700230502364	3.33477395720958e-34	7.60328462243784e-32
fig|6666666.230262.peg.1613	2.6877818196974	5.55996313091474	146.909604390547	8.21281796060038e-34	1.77889637026604e-31
fig|6666666.230262.peg.1783	1.46173313189003	7.47640236934615	142.339203449135	8.1980994729308e-33	1.69115080555887e-30
fig|6666666.230262.peg.3914	1.73333788855767	6.32351654148568	140.125260752616	2.49932191005757e-32	4.92139205198609e-30
fig|6666666.230262.peg.925	-1.73088106426068	7.83452936605521	138.448564877478	5.81419794038488e-32	1.09509154251075e-29
fig|6666666.230262.peg.4003	1.05823442295605	9.79083960062716	136.195173169991	1.80850981548934e-31	3.26436021695826e-29
fig|6666666.230262.peg.1712	1.22463525709661	7.77343475582668	135.220725273156	2.95431360304249e-31	5.11923461135203e-29
fig|6666666.230262.peg.2021	1.7057814903408	7.69781589856607	134.251636920065	4.81316693196639e-31	8.01947659587631e-29
fig|6666666.230262.peg.4207	1.27850556288777	8.03528807233778	133.982668747237	5.51144958709197e-31	8.84281467084534e-29
fig|6666666.230262.peg.295	1.52942023318316	7.28853055900561	133.821909189141	5.97628470996004e-31	9.24616620126675e-29
fig|6666666.230262.peg.3284	1.31705873030825	7.44215795654837	126.543923895116	2.33770018763952e-29	3.49204041822566e-27
fig|6666666.230262.peg.926	-1.24596635376892	9.2341584023065	124.481897664417	6.60792275243852e-29	9.54184045452122e-27
fig|6666666.230262.peg.800	-1.17639906524182	8.70081820479494	118.641452102597	1.25479099287114e-27	1.75346921971542e-25
fig|6666666.230262.peg.594	1.47793176909495	6.58373857304948	115.783798077454	5.30042499980632e-27	7.17545034348781e-25
fig|6666666.230262.peg.2913	1.27489508977344	7.42809421300952	115.513857757041	6.0733167561594e-27	7.97260854172198e-25
fig|6666666.230262.peg.1275	1.48780935518629	7.33722757397808	111.434020347173	4.75365397704889e-26	6.05671442016935e-24
fig|6666666.230262.peg.2729	1.10701016839546	7.79467295255693	110.793490349925	6.56669862611102e-26	8.12769669951798e-24
fig|6666666.230262.peg.1093	1.30455229168256	7.49479553780041	109.974179766462	9.92754609468585e-26	1.19461471339386e-23
fig|6666666.230262.peg.520	1.56133622317127	6.79313476949151	109.80482133126	1.08130063784738e-25	1.26599847652834e-23
fig|6666666.230262.peg.690	1.97812764275331	5.37422857975888	107.728183958278	3.08287285834979e-25	3.51447505851876e-23
fig|6666666.230262.peg.2182	-1.03412751875941	9.03383986741616	100.579295747782	1.13750593772305e-23	1.23191893055406e-21
fig|6666666.230262.peg.2080	1.16994795672322	7.82036140216435	100.412029259194	1.2377407602097e-23	1.30777877395815e-21
fig|6666666.230262.peg.3364	1.04337645513712	10.8989356075227	96.5952867920525	8.50505013389714e-23	8.40031494543633e-21
fig|6666666.230262.peg.374	1.04366412205317	10.6431529446289	96.5889821960108	8.53217584485685e-23	8.40031494543633e-21
fig|6666666.230262.peg.557	1.22976934524984	7.1170219144301	94.1943943777725	2.86009504668371e-22	2.69346342222474e-20
fig|6666666.230262.peg.1816	1.53771901682142	7.46585555783777	93.3645312037721	4.34976285433625e-22	3.92566097603846e-20
fig|6666666.230262.peg.873	2.52089663608973	4.70838498315814	90.970257507588	1.45848003122194e-21	1.23885009710852e-19
fig|6666666.230262.peg.1356	1.25000561101405	7.02531342997634	88.2066209070937	5.89622187944026e-21	4.91200638110292e-19
fig|6666666.230262.peg.1475	-1.34481618824783	7.78089973313996	85.5032273329795	2.31323745108947e-20	1.85573048854067e-18
fig|6666666.230262.peg.3362	-1.19544019602484	7.57348779127724	85.2487578169758	2.63093700221283e-20	2.07222165337927e-18
fig|6666666.230262.peg.3431	1.44232867967471	6.4609811391679	85.0674940441392	2.88352233281958e-20	2.23061049031686e-18
fig|6666666.230262.peg.694	1.35330462958415	6.27159868151755	84.2373930115956	4.38792562374471e-20	3.27732651759691e-18
fig|6666666.230262.peg.1818	1.14049590781038	7.58782501883185	78.9823337103356	6.26678307768241e-19	4.45044332664265e-17
fig|6666666.230262.peg.455	1.03207250606682	7.86214432228578	78.7055036760995	7.20944367358074e-19	5.03730806354061e-17
fig|6666666.230262.peg.1283	1.02639024825546	7.75258075211614	78.5597055806566	7.76165599796962e-19	5.33706250527054e-17
fig|6666666.230262.peg.1474	-1.93428651956191	6.67119603947554	76.6772656701095	2.01307483306926e-18	1.34163695028555e-16
fig|6666666.230262.peg.3124	-1.65237895643743	6.91360806635815	76.1658585875232	2.60812221166546e-18	1.71187657892951e-16
fig|6666666.230262.peg.4085	-1.13625151430858	7.7961165502964	75.6674162671261	3.35701846220569e-18	2.17053790720523e-16
fig|6666666.230262.peg.2114	1.04582877357513	13.919164717291	72.9350596302312	1.33986761434662e-17	8.5357448608082e-16
fig|6666666.230262.peg.296	1.45037959497548	5.74939734113321	72.5860684203121	1.59903902683742e-17	9.89576723465672e-16
fig|6666666.230262.peg.1087	1.07754869457907	7.45311083412519	72.3036890085273	1.84502171619679e-17	1.12572310909359e-15
fig|6666666.230262.peg.1667	1.03624105652598	11.6743792035372	71.757495778032	2.43337807961864e-17	1.46167613494104e-15
fig|6666666.230262.peg.4209	1.3477345175645	6.56827558436577	71.7264033572213	2.47202510784447e-17	1.46167613494104e-15
fig|6666666.230262.peg.1154	-1.31760214516671	7.66105608910135	71.7066776447599	2.49686135700916e-17	1.46167613494104e-15
fig|6666666.230262.peg.1414	1.49733644766031	5.92720880830788	69.9735541074248	6.01048970831333e-17	3.33813351492479e-15
fig|6666666.230262.peg.2851	1.27578878395577	6.46837482368383	69.0832551220668	9.43933985443081e-17	5.11140253117428e-15
fig|6666666.230262.peg.1234	1.04705101207133	7.04033912188189	68.4456673272241	1.30421971998528e-16	6.97516028021755e-15
fig|6666666.230262.peg.595	1.06951362984082	6.82172118789398	68.0527501949119	1.59179658027569e-16	8.40934486067595e-15
fig|6666666.230262.peg.3418	1.77310972535599	5.10260866268214	67.5125740123806	2.09347696325015e-16	1.07963597676186e-14
fig|6666666.230262.peg.1915	-1.63405744141837	6.87288542367139	66.813413244996	2.98460411157677e-16	1.50340755945937e-14
fig|6666666.230262.peg.2181	-1.18199097937961	7.46916868116597	66.5484554797765	3.41397464743032e-16	1.69992392789289e-14
fig|6666666.230262.peg.3191	1.34671756425475	6.06259206859333	63.3282474381973	1.74977018220273e-15	8.23913524924156e-14
fig|6666666.230262.peg.3166	-1.28638629059157	6.59862324988798	62.6081284114127	2.52210398644303e-15	1.17481230852379e-13
fig|6666666.230262.peg.1304	1.05161610735167	11.4997727045868	61.0762564932155	5.49063441193737e-15	2.45210600747554e-13
fig|6666666.230262.peg.382	-1.08566621923402	7.80654172659589	57.137980151912	4.06283355888552e-14	1.72550931147961e-12
fig|6666666.230262.peg.3144	-1.0187515042764	7.70070556154846	55.9349137867061	7.49103594560033e-14	3.12030458810967e-12
fig|6666666.230262.peg.3890	1.09681773585264	6.54846751315357	54.5511406061123	1.51454718481454e-13	6.18964000435526e-12
fig|6666666.230262.peg.3627	1.10564698909708	6.53050843069521	54.2136575275228	1.79832573311068e-13	7.21328432947728e-12
fig|6666666.230262.peg.1121	1.09208696038877	9.00158671816563	53.414147765244	2.7014431187619e-13	1.06387741731605e-11
fig|6666666.230262.peg.1660	1.26080837805644	5.65837408083984	53.2960325542069	2.86885369539885e-13	1.11962830706917e-11
fig|6666666.230262.peg.4163	1.51563000041628	5.1962471288787	52.8475493886736	3.60468139551402e-13	1.38276229971404e-11
fig|6666666.230262.peg.4311	-1.3797267454498	6.96477899050082	52.8463253997876	3.60692843646551e-13	1.38276229971404e-11
fig|6666666.230262.peg.165	-2.16846811949057	5.45583368880996	50.5653701467961	1.15260969157181e-12	4.23144507109244e-11
fig|6666666.230262.peg.2725	1.02385840906136	10.0416476670428	50.3620028027889	1.27845766566471e-12	4.61523217304962e-11
fig|6666666.230262.peg.2210	1.73807916717771	4.88936229336572	49.465583303787	2.01882522893209e-12	7.11020397701935e-11
fig|6666666.230262.peg.512	-1.03473131604948	6.93718021980623	47.6753421258236	5.02978279618648e-12	1.70226711508436e-10
fig|6666666.230262.peg.3428	1.03929656950834	6.22726480824834	47.6124148951407	5.19385199366434e-12	1.74416797182588e-10
fig|6666666.230262.peg.599	1.19114851799553	6.13125330804007	46.5919164190568	8.74201308735385e-12	2.89087028201655e-10
fig|6666666.230262.peg.1327	-1.36445306366357	6.11615202242005	43.8317947306424	3.57844284907929e-11	1.11523844764111e-09
fig|6666666.230262.peg.3084	1.15477921887272	6.30867886888525	43.1510979149551	5.06714543540759e-11	1.54583619902716e-09
fig|6666666.230262.peg.1344	1.13042530889689	5.8485132132578	39.228260932498	3.7704306691615e-10	1.03376618093719e-08
fig|6666666.230262.peg.3430	1.7694099842699	4.13302244907867	38.5936143680288	5.21893935597804e-10	1.41302783063105e-08
fig|6666666.230262.peg.3404	1.82451151803287	4.99213302527154	37.7831105223758	7.90633243497633e-10	2.10124123363911e-08
fig|6666666.230262.peg.3835	-1.21293745075076	6.37165710720549	36.8003250267199	1.30868430340149e-09	3.35456828540547e-08
fig|6666666.230262.peg.1478	-1.67256712574361	5.44298277430734	35.4842809545715	2.57117143643061e-09	6.40133026587207e-08
fig|6666666.230262.peg.3122	-1.72548202125057	5.55816651968275	34.753237410258	3.74255826502875e-09	9.15975277068054e-08
fig|6666666.230262.peg.2613	-1.42206986167426	6.21259379335031	34.1171922021319	5.18907725080061e-09	1.24193826798167e-07
fig|6666666.230262.peg.297	1.2764555980574	5.0369147746711	33.7526534062136	6.25836235104687e-09	1.45759277982446e-07
fig|6666666.230262.peg.1876	-1.25296993540807	6.1801185786522	32.5978759036041	1.13338547149241e-08	2.50501319515566e-07
fig|6666666.230262.peg.1147	2.25436006192233	3.70584229760063	31.6967226394499	1.80226079883901e-08	3.84600678845843e-07
fig|6666666.230262.peg.691	1.1397868829852	5.25443516482376	31.380019478576	2.1215295127992e-08	4.50513031835594e-07
fig|6666666.230262.peg.3361	-1.07314539344314	6.11117920429069	30.3727909772811	3.56493681371837e-08	7.1496788319574e-07
fig|6666666.230262.peg.2378	1.04738112417429	5.48772122752803	29.3344596254128	6.09029708500404e-08	1.15715644615077e-06
fig|6666666.230262.peg.1849	1.05877455007595	5.53505147175348	29.0786126778712	6.95000105751992e-08	1.29773295608519e-06
fig|6666666.230262.peg.1390	-1.02724669704981	6.31720015026195	28.6035829860637	8.88176861864647e-08	1.6372690066373e-06
fig|6666666.230262.peg.2514	-1.17434644146237	6.20611522198169	28.4337706831564	9.69591522019134e-08	1.77226602252611e-06
fig|6666666.230262.peg.3709	1.47325999775814	4.75610353270608	27.9875108239649	1.22100952805849e-07	2.16779232604483e-06
fig|6666666.230262.peg.2180	-1.73494631551535	4.84598314033203	27.4283882315719	1.630205109535e-07	2.81356515318949e-06
fig|6666666.230262.peg.2616	-1.19965792590784	7.06387621751252	27.2168154020485	1.81869994366731e-07	3.11407436994735e-06
fig|6666666.230262.peg.1035	-1.27941063537704	5.69933695842782	27.095564123302	1.93641769852959e-07	3.30258325591739e-06
fig|6666666.230262.peg.2508	-1.26854823019651	5.53510216782318	25.7715825766477	3.84305349352837e-07	6.1888876334442e-06
fig|6666666.230262.peg.1349	1.09865369543674	7.00921187364479	25.5132509403512	4.39355043832501e-07	7.0231957560236e-06
fig|6666666.230262.peg.4155	1.11465692968783	5.19402130526028	24.0019699429415	9.62371860522935e-07	1.41802547611747e-05
fig|6666666.230262.peg.1477	-1.74053800093547	5.06737554222652	23.370662221028	1.33600670093411e-06	1.91009274866223e-05
fig|6666666.230262.peg.79	-1.30104550349623	5.35163655193489	22.7010659828158	1.89262846547691e-06	2.63629148310159e-05
fig|6666666.230262.peg.1080	1.11696776320665	5.13113869945365	21.2927557762558	3.94218459420478e-06	4.99343381932606e-05
fig|6666666.230262.peg.2923	-1.0588429695023	5.64969199327531	21.0053026687292	4.58013967208221e-06	5.6851475815072e-05
fig|6666666.230262.peg.875	1.16192225875682	4.69267377081968	20.9226096790597	4.78216740586464e-06	5.83559132456496e-05
fig|6666666.230262.peg.4312	-1.56709990191037	4.69825116819629	19.8541453309744	8.35812885284372e-06	9.52826689224185e-05
fig|6666666.230262.peg.766	2.12695497834944	2.844990283726	19.8181401065163	8.51705297255115e-06	9.65860562227528e-05
fig|6666666.230262.peg.2881	-1.03419139290573	5.45173331420612	19.3600231391769	1.08249566461474e-05	0.000119019574089114
fig|6666666.230262.peg.851	1.42137180950071	3.86229864874187	19.0826089863466	1.25180406567962e-05	0.000135232299564193
fig|6666666.230262.peg.924	-1.12573793541087	5.72857796763736	18.6150393597374	1.59953701026414e-05	0.000167843299665647
fig|6666666.230262.peg.961	-1.01935853010112	5.63968034755444	17.4431012501149	2.96036684841602e-05	0.000292125494016815
fig|6666666.230262.peg.1941	-1.01799177789484	5.43129368554545	17.2760680797253	3.23232320689103e-05	0.000315238276926003
fig|6666666.230262.peg.517	-1.09135999688344	5.16790471955721	16.9897474209696	3.75822110907158e-05	0.000362597190300626
fig|6666666.230262.peg.3465	-1.39123820027682	4.989913478114	16.3599840939464	5.23794984160719e-05	0.000489025834350051
fig|6666666.230262.peg.4164	2.44783872222737	2.4494333185742	15.4311043030851	8.55682185682167e-05	0.000761153024307012
fig|6666666.230262.peg.1966	-1.06520775570686	5.17744694464816	14.5638465527248	0.000135489292224633	0.00114636643343186
fig|6666666.230262.peg.4130	-5.78368848582243	2.23897778502088	14.5439862915648	0.000136924994343621	0.00115625550779058
fig|6666666.230262.peg.2005	1.7909611924462	3.12855037584536	14.3177741668356	0.000154400131448563	0.00127677864176883
fig|6666666.230262.peg.2991	-1.00466538243587	5.44494666510555	14.1460740420796	0.000169149719486276	0.00138255959398972
fig|6666666.230262.peg.4374	1.02471154072231	4.90086713942801	14.0101646848205	0.000181825042046016	0.00146952627265549
fig|6666666.230262.peg.2178	-1.22960797343309	5.03186143499122	13.9249717721965	0.000190253968554904	0.00151782724084686
fig|6666666.230262.peg.3898	-1.08002211098657	5.51353135321773	13.5067923113479	0.000237701505821438	0.00184869465568845
fig|6666666.230262.peg.1472	-1.66955287262126	4.23606740093811	13.4271937086334	0.000248002833693783	0.00192191104751604
fig|6666666.230262.peg.3397	2.40169917526329	2.57402493111395	13.15931729549	0.000286093101396865	0.00214792948917023
fig|6666666.230262.peg.164	-1.32590932905143	4.89513006259743	13.0568618835055	0.000302175297078488	0.00224314920947664
fig|6666666.230262.peg.3519	-1.76915033908525	3.95804955675619	12.8632494003137	0.000335098223147443	0.00245436910568535
fig|6666666.230262.peg.3457	-1.21431118012161	4.67215124511408	12.8128238006143	0.000344251595096646	0.00250217770127294
fig|6666666.230262.peg.4280	-1.26623014483145	4.58233874450577	12.6091661296852	0.000383859712524922	0.00276225959245508
fig|6666666.230262.peg.2609	-1.13016812206009	5.08698677348345	12.4208916391968	0.000424557487787158	0.00302995558005596
fig|6666666.230262.peg.3025	-1.27415419260231	4.55767897199803	12.3586452578264	0.00043894909328667	0.00309191458880952
fig|6666666.230262.peg.1470	-2.17398460589957	3.80102873349729	12.3206754928308	0.000447968560299392	0.00312999968260801
fig|6666666.230262.peg.2012	-1.28735598527426	4.50601510435175	12.3131110581561	0.000449787661529489	0.00313722284884976
fig|6666666.230262.peg.709	-1.30634690641608	4.65547354026176	11.8186647965246	0.000586398964641901	0.00392624469061625
fig|6666666.230262.peg.1822	1.17474706971433	3.85490758915361	11.4901111579495	0.000699674522644391	0.00451040183347545
fig|6666666.230262.peg.519	1.00583964605466	4.48418203343936	11.3548459938062	0.000752513610308853	0.00481534263168018
fig|6666666.230262.peg.1317	-1.43153040103199	4.37858031515172	11.1943463214096	0.000820469362056161	0.00515112069047433
fig|6666666.230262.peg.260	1.17630092882476	3.94443918532054	11.0287943590029	0.000897074719995272	0.00556072034365534
fig|6666666.230262.peg.2818	-1.26893769129473	4.53464235047859	11.0011191406262	0.000910568898053821	0.00563512066624165
fig|6666666.230262.peg.1564	1.18388696020003	3.63252566142128	10.3809851728846	0.0012731974015325	0.00746345215620947
fig|6666666.230262.peg.4210	1.22441352276675	4.61581385270269	10.2624322012143	0.00135766571811302	0.00790511813288388
fig|6666666.230262.peg.190	-1.21215844400858	4.0833621757163	9.96479775089194	0.00159561704535505	0.00895364383481615
fig|6666666.230262.peg.764	-1.10859027593212	4.45335101087619	9.76888261637459	0.00177490291069995	0.00974509430817765
fig|6666666.230262.peg.3141	-1.46519468545134	4.05469405222859	9.56821205640143	0.00197975500930185	0.0107218391433904
fig|6666666.230262.peg.2619	-1.07077782229979	4.57434009994786	9.42544864114308	0.00213994738039597	0.0114025240490472
fig|6666666.230262.peg.2705	1.09213909053093	3.90919920701318	9.36186698841514	0.00221546363419296	0.0117471095022325
fig|6666666.230262.peg.1476	-2.02062047296013	3.47256919014096	9.09059233555227	0.00256927646832817	0.0133936289540284
fig|6666666.230262.peg.972	-1.10136027479375	4.30835399132469	9.06316110030242	0.00260810694790964	0.013491701970318
fig|6666666.230262.peg.679	-1.31005795608289	4.26750886245129	8.99404984571148	0.00270860066860807	0.0138859859129114
fig|6666666.230262.peg.794	-1.38615061096782	3.87966692873828	8.93493457605654	0.00279767489720842	0.0142918958192298
fig|6666666.230262.peg.1975	-1.07722780439298	4.58325710870556	8.39580575625884	0.00376087766312046	0.0183263464979053
fig|6666666.230262.peg.1335	-2.33139825856809	2.75752376327634	8.11715206096829	0.00438483883435728	0.0207868377246693
fig|6666666.230262.peg.2379	1.67930969541269	2.91116158654972	8.05285123702988	0.00454320957065722	0.02143919810467
fig|6666666.230262.peg.386	-1.81228345204503	3.23483643768061	8.01800518547963	0.00463145560085611	0.0217608087450202
fig|6666666.230262.peg.1578	-1.85953696433625	3.34093391555488	7.89546618991768	0.00495588629488307	0.0230106103209362
fig|6666666.230262.peg.2575	1.42971673036105	3.14280334370731	7.76568884857986	0.00532479857781514	0.0243861764568092
fig|6666666.230262.peg.3002	-2.26841354566207	2.85601335845481	7.65518321864731	0.00566094419174021	0.0255983405413555
fig|6666666.230262.peg.1575	-4.88145329281592	1.81017534209605	7.61859582474343	0.0057769451968126	0.0259404406564189
fig|6666666.230262.peg.2320	1.00241243584801	3.66065794952519	7.61690966112283	0.00578234928430049	0.0259404406564189
fig|6666666.230262.peg.2649	-4.88029456406793	1.85854354822896	7.61658211467414	0.00578339965566547	0.0259404406564189
fig|6666666.230262.peg.1607	1.82954312191437	2.70545461836876	7.60401979837204	0.0058238315376689	0.0260898016765064
fig|6666666.230262.peg.3464	-1.00091835125842	4.38632611829104	7.25750617210178	0.00706052688323897	0.0304340322967077
fig|6666666.230262.peg.3432	1.34298886073368	2.88796090697946	7.24212486786556	0.00712126533808616	0.0305741540580666
fig|6666666.230262.peg.1493	-1.0004376423	4.48502691537671	7.03866928259126	0.00797682773605967	0.0336471448418797
fig|6666666.230262.peg.4200	1.34386609546005	3.08428466975221	7.0350759803084	0.00799284825485074	0.0336819247470948
fig|6666666.230262.peg.3030	-1.00727644321782	4.15806235667013	6.91174628341263	0.00856313186973185	0.0356344738325441
fig|6666666.230262.peg.1223	-1.45982385360875	3.50203263415196	6.85496480773293	0.00883952975848085	0.036469374203561
fig|6666666.230262.peg.2342	-4.73310588301446	1.99538370712056	6.85243609390665	0.00885204920373578	0.036486277022439
fig|6666666.230262.peg.343	-1.30919181549935	3.68945114068489	6.83485112357144	0.00893961441161022	0.0366994233955222
fig|6666666.230262.peg.2330	-4.74010873218454	1.65390047693802	6.80705466733384	0.00907984107995407	0.0371074259984538
fig|6666666.230262.peg.670	-1.0646461730091	4.26819095051617	6.67285465673939	0.00978922705205248	0.0393750525436317
fig|6666666.230262.peg.4282	1.15668047150306	3.34833197115528	6.60316892238015	0.0101797432699982	0.040617175005024
fig|6666666.230262.peg.3173	-1.19355381501812	4.45814101240359	6.42007257886812	0.011283754946537	0.0440768498001788
fig|6666666.230262.peg.1760	-1.03939125309359	4.20553446468967	6.33190701643291	0.0118584737921392	0.0457851234113608
fig|6666666.230262.peg.3064	-1.02291079028923	4.19233912581468	6.22553270974433	0.0125921018794353	0.0481456181303741
